OFF
215 199 0
-0.0 0.081931 -0.015007
-0.0 1.061063 -0.062623
0.010611 0.081931 -0.010611
0.044281 1.061063 -0.044281
0.015007 0.081931 0.0
0.062623 1.061063 0.0
0.010611 0.081931 0.010611
0.044281 1.061063 0.044281
-0.0 0.081931 0.015007
-0.0 1.061063 0.062623
-0.010611 0.081931 0.010611
-0.044282 1.061063 0.044281
-0.015007 0.081931 -0.0
-0.062623 1.061063 -0.0
-0.010611 0.081931 -0.010611
-0.044282 1.061063 -0.044281
0.0 0.648818 -0.141821
0.100282 0.648818 -0.100282
0.141821 0.648818 0.0
0.100282 0.648818 0.100282
-0.0 0.648818 0.141821
-0.100282 0.648818 0.100282
-0.141821 0.648818 -0.0
-0.100282 0.648818 -0.100282
0.0 0.8343 -0.166878
0.118 0.8343 -0.118
0.166878 0.8343 0.0
0.118 0.8343 0.118
-0.0 0.8343 0.166878
-0.118 0.8343 0.118
-0.166878 0.8343 -0.0
-0.118 0.8343 -0.118
0.0 0.959695 -0.167296
0.118296 0.959695 -0.118296
0.167296 0.959695 0.0
0.118296 0.959695 0.118296
-0.0 0.959695 0.167296
-0.118296 0.959695 0.118296
-0.167296 0.959695 -0.0
-0.118296 0.959695 -0.118296
0.053893 0.332721 -0.053893
0.076216 0.332721 0.0
0.053893 0.332721 0.053893
-0.0 0.332721 0.076216
-0.053893 0.332721 0.053893
-0.076216 0.332721 -0.0
-0.053893 0.332721 -0.053893
0.0 0.332721 -0.076216
0.033106 0.207326 -0.033106
0.04682 0.207326 0.0
0.033106 0.207326 0.033106
-0.0 0.207326 0.04682
-0.033106 0.207326 0.033106
-0.04682 0.207326 -0.0
-0.033106 0.207326 -0.033106
-0.0 0.207326 -0.04682
0.0 0.479385 -0.109409
0.077364 0.479385 -0.077364
0.109409 0.479385 0.0
0.077364 0.479385 0.077364
-0.0 0.479385 0.109409
-0.077364 0.479385 0.077364
-0.109409 0.479385 -0.0
-0.077364 0.479385 -0.077364
-0.0 1.042608 -0.138426
0.097882 1.042608 -0.097882
0.138426 1.042608 0.0
0.097882 1.042608 0.097882
-0.0 1.042608 0.138426
-0.097882 1.042608 0.097882
-0.138426 1.042608 -0.0
-0.097882 1.042608 -0.097882
-0.0 1.061063 -0.062623
0.044281 1.061063 -0.044281
0.062623 1.061063 0.0
0.044281 1.061063 0.044281
-0.0 1.061063 0.062623
-0.044282 1.061063 0.044281
-0.062623 1.061063 -0.0
-0.044282 1.061063 -0.044281
-0.0 1.302394 -0.115464
0.081645 1.302394 -0.081645
0.115464 1.302394 0.0
0.081645 1.302394 0.081645
0.004993 1.271102 0.101962
-0.06641 1.277386 0.07552
-0.104759 1.29422 -0.01758
-0.081645 1.302394 -0.081645
0.017216 1.061063 -0.041562
0.041562 1.061063 -0.017216
0.041562 1.061063 0.017216
0.017216 1.061063 0.041562
-0.017216 1.061063 0.041562
-0.041562 1.061063 0.017216
-0.041562 1.061063 -0.017216
-0.017216 1.061063 -0.041562
0.031742 1.302394 -0.076632
0.076632 1.302394 -0.031742
0.076632 1.302394 0.031742
0.031742 1.302394 0.076632
-0.031742 1.302394 0.076632
-0.088528 1.317831 0.039159
-0.076632 1.302394 -0.031742
-0.031742 1.302394 -0.076632
-0.062856 1.179349 -0.010642
-0.048828 1.181728 -0.048828
-0.0 1.181728 0.069053
-0.048828 1.181728 0.048828
0.069053 1.181728 0.0
0.048828 1.181728 0.048828
-0.0 1.181728 -0.069053
0.048828 1.181728 -0.048828
0.04583 1.181728 -0.018983
0.018983 1.181728 0.04583
-0.04583 1.181728 0.018983
-0.018983 1.181728 -0.04583
0.018983 1.181728 -0.04583
0.04583 1.181728 0.018983
-0.018983 1.181728 0.04583
-0.04583 1.181728 -0.018983
0.022816 1.414528 -0.20444
0.1354 1.447924 -0.165747
0.178153 1.41878 -0.04544
0.1354 1.380032 0.080672
0.000739 1.36637 0.126691
-0.087338 1.36654 0.077048
-0.132207 1.341743 -0.032992
-0.076076 1.394941 -0.155516
0.057836 1.462252 -0.157274
0.127534 1.452936 -0.090158
0.128926 1.421283 0.005361
0.060091 1.423507 0.073106
-0.037421 1.44039 0.075135
-0.084672 1.390791 0.017136
-0.075573 1.403203 -0.080845
-0.030029 1.448263 -0.156489
0.087423 1.47428 -0.039913
0.00258 1.478125 -0.121442
0.001961 1.442593 0.034372
-0.077337 1.475223 -0.041147
0.143999 1.713402 0.023176
0.113347 1.764777 -0.008674
0.092517 1.709927 0.067117
0.061864 1.761302 0.035268
0.20323 1.549019 -0.311052
0.124986 1.590582 -0.304749
0.221461 1.612015 -0.251147
0.186774 1.672449 -0.212878
0.090298 1.651017 -0.266481
0.35904 1.529116 -0.017802
0.330966 1.586651 -0.058178
0.33006 1.572988 0.036641
0.307194 1.621265 -0.00502
0.006732 1.640625 -0.031916
0.075549 1.648101 -0.095178
0.135961 1.615495 -0.036113
0.060282 1.593706 0.021016
0.0264 1.523751 -0.135031
0.105266 1.520172 -0.05978
-0.052984 1.519412 -0.058872
0.017539 1.49218 0.011292
0.203651 1.524044 -0.1007
0.242997 1.478198 -0.058153
0.203894 1.513594 -0.005531
0.171709 1.552023 -0.048998
0.143278 1.589095 -0.118686
0.057039 1.566575 -0.172463
0.165284 1.500947 -0.222732
0.174168 1.541354 -0.158912
0.093527 1.528633 -0.21444
0.026125 1.420109 -0.256229
0.038676 1.493644 -0.243435
-0.042288 1.443362 -0.233699
-0.024637 1.508061 -0.22413
-0.116324 1.470745 -0.256052
-0.142494 1.529458 -0.216096
-0.049215 1.504742 -0.237236
-0.027455 1.553273 -0.218403
-0.121147 1.586798 -0.187018
-0.181108 1.367143 -0.063195
-0.181611 1.456473 -0.017587
-0.141533 1.441056 -0.111949
-0.147319 1.496444 -0.076781
-0.254694 1.414135 -0.091922
-0.288517 1.461503 -0.045532
-0.233091 1.436172 -0.162504
-0.251615 1.509382 -0.126194
-0.159267 1.471397 0.094986
-0.104994 1.522122 0.116679
-0.191704 1.517878 0.036076
-0.107207 1.584724 0.081146
-0.155527 1.585132 0.036729
-0.241671 1.511605 0.157188
-0.206457 1.55208 0.195865
-0.274295 1.561938 0.121366
-0.21783 1.611881 0.18678
-0.256152 1.619368 0.14651
-0.003345 1.416169 0.159971
0.0358 1.478599 0.144984
-0.028203 1.472584 0.141058
-0.001713 1.504389 0.124449
-0.016227 1.406475 0.22362
0.020754 1.469765 0.240388
-0.042448 1.465151 0.228894
-0.01646 1.501382 0.229927
0.158368 1.423149 0.125089
0.168542 1.465668 0.09354
0.119666 1.461538 0.128927
0.155746 1.513022 0.080371
0.091667 1.49142 0.10947
0.194938 1.480989 0.210622
0.209675 1.50878 0.205694
0.177506 1.506095 0.220987
0.20996 1.538361 0.210661
0.16768 1.530734 0.217337
4 64 1 3 65
4 65 3 5 66
4 66 5 7 67
4 67 7 9 68
4 68 9 11 69
4 69 11 13 70
8 3 1 15 13 11 9 7 5
4 70 13 15 71
4 71 15 1 64
8 0 2 4 6 8 10 12 14
4 63 23 16 56
4 62 22 23 63
4 61 21 22 62
4 60 20 21 61
4 59 19 20 60
4 58 18 19 59
4 57 17 18 58
4 56 16 17 57
4 23 31 24 16
4 22 30 31 23
4 21 29 30 22
4 20 28 29 21
4 19 27 28 20
4 18 26 27 19
4 17 25 26 18
4 16 24 25 17
4 31 39 32 24
4 30 38 39 31
4 29 37 38 30
4 28 36 37 29
4 27 35 36 28
4 26 34 35 27
4 25 33 34 26
4 24 32 33 25
4 55 47 40 48
4 48 40 41 49
4 49 41 42 50
4 50 42 43 51
4 51 43 44 52
4 52 44 45 53
4 53 45 46 54
4 54 46 47 55
4 14 54 55 0
4 12 53 54 14
4 10 52 53 12
4 8 51 52 10
4 6 50 51 8
4 4 49 50 6
4 2 48 49 4
4 0 55 48 2
4 47 56 57 40
4 40 57 58 41
4 41 58 59 42
4 42 59 60 43
4 43 60 61 44
4 44 61 62 45
4 45 62 63 46
4 46 63 56 47
4 39 71 64 32
4 38 70 71 39
4 37 69 70 38
4 36 68 69 37
4 35 67 68 36
4 34 66 67 35
4 33 65 66 34
4 32 64 65 33
16 73 89 74 90 75 91 76 92 77 93 78 94 79 95 72 88
4 82 97 129 122
4 119 104 86 102
4 118 106 84 100
4 117 108 82 98
4 116 110 80 96
4 115 105 87 103
4 114 107 85 101
4 113 109 83 99
4 112 111 81 97
4 108 112 97 82
4 74 89 112 108
4 89 73 111 112
4 106 113 99 84
4 76 91 113 106
4 91 75 109 113
4 104 114 101 86
4 78 93 114 104
4 93 77 107 114
4 110 115 103 80
4 72 95 115 110
4 95 79 105 115
4 111 116 96 81
4 73 88 116 111
4 88 72 110 116
4 109 117 98 83
4 75 90 117 109
4 90 74 108 117
4 107 118 100 85
4 77 92 118 107
4 92 76 106 118
4 105 119 102 87
4 79 94 119 105
4 94 78 104 119
4 166 165 147 148
4 99 83 123 131
4 83 98 130 123
4 100 84 124 132
4 84 99 131 124
4 101 85 125 133
4 85 100 132 125
4 102 86 126 134
4 86 101 133 126
4 103 87 127 135
4 96 80 120 128
4 87 102 134 127
4 97 81 121 129
4 80 103 135 120
4 81 96 128 121
4 98 82 122 130
4 133 139 182 180
4 162 161 150 149
4 154 153 143 141
4 128 120 170 171
4 138 131 207 209
4 127 134 175 174
4 131 138 200 198
4 133 125 187 189
4 140 141 143 142
4 155 154 141 140
4 153 156 142 143
4 156 155 140 142
5 144 145 148 147 146
4 168 167 144 146
4 165 168 146 147
4 167 169 145 144
4 169 166 148 145
4 150 152 151 149
4 164 163 151 152
4 161 164 152 150
4 163 162 149 151
4 160 158 155 156
4 159 160 156 153
4 158 157 154 155
4 157 159 153 154
4 137 139 159 157
4 136 137 157 158
4 139 138 160 159
4 138 136 158 160
4 130 122 162 163
4 129 136 164 161
4 136 130 163 164
4 122 129 161 162
4 128 137 166 169
4 121 128 169 167
4 136 129 168 165
4 129 121 167 168
4 137 136 165 166
4 172 173 171 170
4 120 135 172 170
4 135 137 173 172
4 137 128 171 173
5 175 178 177 176 174
4 134 139 178 175
4 137 135 176 177
4 135 127 174 176
4 139 137 177 178
4 180 182 186 184
4 139 134 181 182
4 134 126 179 181
4 126 133 180 179
4 184 186 185 183
4 181 179 183 185
4 182 181 185 186
4 179 180 184 183
4 188 190 195 193
4 125 132 188 187
4 138 139 191 190
4 139 133 189 191
4 132 138 190 188
5 195 196 194 192 193
4 187 188 193 192
4 190 191 196 195
4 191 189 194 196
4 189 187 192 194
4 198 200 204 202
4 132 124 197 199
4 124 131 198 197
4 138 132 199 200
4 202 204 203 201
4 197 198 202 201
4 200 199 203 204
4 199 197 201 203
4 207 205 210 212
4 130 136 208 206
4 131 123 205 207
4 123 130 206 205
4 136 138 209 208
5 211 213 214 212 210
4 208 209 214 213
4 205 206 211 210
4 209 207 212 214
4 206 208 213 211
